file	format	type	num_seqs	sum_len	min_len	avg_len	max_len	Q1	Q2	Q3	sum_gap	N50	Q20(%)	Q30(%)	GC(%)
../ncbi_dataset/data/GCA_000236605.1/GCA_000236605.1_ASM23660v1_genomic.fna	FASTA	DNA	1	3596620	3596620	3596620.0	3596620	1798310.0	3596620.0	1798310.0	0	3596620	0.00	0.00	52.28
../ncbi_dataset/data/GCA_000474195.1/GCA_000474195.1_ASM47419v1_genomic.fna	FASTA	DNA	209	3353053	100	16043.3	209380	417.0	2195.0	19778.0	0	53145	0.00	0.00	52.29
../ncbi_dataset/data/GCA_001610955.1/GCA_001610955.1_ASM161095v1_genomic.fna	FASTA	DNA	2	3499317	48708	1749658.5	3450609	48708.0	1749658.5	3450609.0	0	3450609	0.00	0.00	52.28
../ncbi_dataset/data/GCA_001707765.1/GCA_001707765.1_ASM170776v1_genomic.fna	FASTA	DNA	226	3400891	200	15048.2	188606	307.0	630.5	12166.0	0	80344	0.00	0.00	52.41
../ncbi_dataset/data/GCA_001719205.1/GCA_001719205.1_ASM171920v1_genomic.fna	FASTA	DNA	1	3544332	3544332	3544332.0	3544332	1772166.0	3544332.0	1772166.0	0	3544332	0.00	0.00	52.22
../ncbi_dataset/data/GCA_002077815.1/GCA_002077815.1_ASM207781v1_genomic.fna	FASTA	DNA	230	3386398	1004	14723.5	147590	1646.0	3922.5	17155.0	0	43530	0.00	0.00	52.61
../ncbi_dataset/data/GCA_003182675.2/GCA_003182675.2_ASM318267v2_genomic.fna	FASTA	DNA	2	3691460	75541	1845730.0	3615919	75541.0	1845730.0	3615919.0	0	3615919	0.00	0.00	51.95
../ncbi_dataset/data/GCA_005720955.1/GCA_005720955.1_ASM572095v1_genomic.fna	FASTA	DNA	138	3392277	502	24581.7	245019	2604.0	12409.0	31389.0	0	57466	0.00	0.00	52.34
../ncbi_dataset/data/GCA_007855915.1/GCA_007855915.1_ASM785591v1_genomic.fna	FASTA	DNA	1	3595045	3595045	3595045.0	3595045	1797522.5	3595045.0	1797522.5	0	3595045	0.00	0.00	52.28
../ncbi_dataset/data/GCA_014679145.1/GCA_014679145.1_ASM1467914v1_genomic.fna	FASTA	DNA	1	3808577	3808577	3808577.0	3808577	1904288.5	3808577.0	1904288.5	0	3808577	0.00	0.00	52.19
../ncbi_dataset/data/GCA_019448595.1/GCA_019448595.1_ASM1944859v1_genomic.fna	FASTA	DNA	138	3499025	211	25355.3	513173	255.0	604.0	16055.0	0	117442	0.00	0.00	52.22
../ncbi_dataset/data/GCA_023212895.1/GCA_023212895.1_ASM2321289v1_genomic.fna	FASTA	DNA	1	3386151	3386151	3386151.0	3386151	1693075.5	3386151.0	1693075.5	0	3386151	0.00	0.00	52.70
../ncbi_dataset/data/GCA_036225905.1/GCA_036225905.1_ASM3622590v1_genomic.fna	FASTA	DNA	243	3462891	632	14250.6	117703	2203.0	7368.0	18104.5	0	30301	0.00	0.00	51.87
../ncbi_dataset/data/GCA_040746435.1/GCA_040746435.1_ASM4074643v1_genomic.fna	FASTA	DNA	269	3482211	200	12945.0	493416	255.0	314.0	1736.0	0	168906	0.00	0.00	51.93
../ncbi_dataset/data/GCA_043524285.1/GCA_043524285.1_ASM4352428v1_genomic.fna	FASTA	DNA	1	3587908	3587908	3587908.0	3587908	1793954.0	3587908.0	1793954.0	0	3587908	0.00	0.00	52.23
../ncbi_dataset/data/GCA_050467545.1/GCA_050467545.1_ASM5046754v1_genomic.fna	FASTA	DNA	197	3354036	214	17025.6	159513	1338.0	5749.0	21775.0	0	47487	0.00	0.00	52.11
../ncbi_dataset/data/GCA_051107655.1/GCA_051107655.1_ASM5110765v1_genomic.fna	FASTA	DNA	251	3131439	233	12475.9	151179	1558.0	5902.0	14535.0	0	27581	0.00	0.00	52.19
../ncbi_dataset/data/GCA_051107695.1/GCA_051107695.1_ASM5110769v1_genomic.fna	FASTA	DNA	165	3406282	221	20644.1	177383	1722.0	9856.0	24460.0	0	49041	0.00	0.00	52.28
../ncbi_dataset/data/GCA_059611665.1/GCA_059611665.1_ASM5961166v1_genomic.fna	FASTA	DNA	2	3483007	56688	1741503.5	3426319	56688.0	1741503.5	3426319.0	0	3426319	0.00	0.00	52.43
../ncbi_dataset/data/GCF_000236605.1/GCF_000236605.1_ASM23660v1_genomic.fna	FASTA	DNA	1	3596620	3596620	3596620.0	3596620	1798310.0	3596620.0	1798310.0	0	3596620	0.00	0.00	52.28
../ncbi_dataset/data/GCF_000474195.1/GCF_000474195.1_ASM47419v1_genomic.fna	FASTA	DNA	209	3353053	100	16043.3	209380	417.0	2195.0	19778.0	0	53145	0.00	0.00	52.29
../ncbi_dataset/data/GCF_001610955.1/GCF_001610955.1_ASM161095v1_genomic.fna	FASTA	DNA	2	3499317	48708	1749658.5	3450609	48708.0	1749658.5	3450609.0	0	3450609	0.00	0.00	52.28
../ncbi_dataset/data/GCF_001707765.1/GCF_001707765.1_ASM170776v1_genomic.fna	FASTA	DNA	226	3400891	200	15048.2	188606	307.0	630.5	12166.0	0	80344	0.00	0.00	52.41
../ncbi_dataset/data/GCF_001719205.1/GCF_001719205.1_ASM171920v1_genomic.fna	FASTA	DNA	1	3544332	3544332	3544332.0	3544332	1772166.0	3544332.0	1772166.0	0	3544332	0.00	0.00	52.22
../ncbi_dataset/data/GCF_002077815.1/GCF_002077815.1_ASM207781v1_genomic.fna	FASTA	DNA	230	3386398	1004	14723.5	147590	1646.0	3922.5	17155.0	0	43530	0.00	0.00	52.61
../ncbi_dataset/data/GCF_003182675.2/GCF_003182675.2_ASM318267v2_genomic.fna	FASTA	DNA	2	3691460	75541	1845730.0	3615919	75541.0	1845730.0	3615919.0	0	3615919	0.00	0.00	51.95
../ncbi_dataset/data/GCF_005720955.1/GCF_005720955.1_ASM572095v1_genomic.fna	FASTA	DNA	138	3392277	502	24581.7	245019	2604.0	12409.0	31389.0	0	57466	0.00	0.00	52.34
../ncbi_dataset/data/GCF_007855915.1/GCF_007855915.1_ASM785591v1_genomic.fna	FASTA	DNA	1	3595045	3595045	3595045.0	3595045	1797522.5	3595045.0	1797522.5	0	3595045	0.00	0.00	52.28
../ncbi_dataset/data/GCF_014679145.1/GCF_014679145.1_ASM1467914v1_genomic.fna	FASTA	DNA	1	3808577	3808577	3808577.0	3808577	1904288.5	3808577.0	1904288.5	0	3808577	0.00	0.00	52.19
../ncbi_dataset/data/GCF_019448595.1/GCF_019448595.1_ASM1944859v1_genomic.fna	FASTA	DNA	138	3499025	211	25355.3	513173	255.0	604.0	16055.0	0	117442	0.00	0.00	52.22
../ncbi_dataset/data/GCF_023212895.1/GCF_023212895.1_ASM2321289v1_genomic.fna	FASTA	DNA	1	3386151	3386151	3386151.0	3386151	1693075.5	3386151.0	1693075.5	0	3386151	0.00	0.00	52.70
../ncbi_dataset/data/GCF_036225905.1/GCF_036225905.1_ASM3622590v1_genomic.fna	FASTA	DNA	243	3462891	632	14250.6	117703	2203.0	7368.0	18104.5	0	30301	0.00	0.00	51.87
../ncbi_dataset/data/GCF_040746435.1/GCF_040746435.1_ASM4074643v1_genomic.fna	FASTA	DNA	269	3482211	200	12945.0	493416	255.0	314.0	1736.0	0	168906	0.00	0.00	51.93
../ncbi_dataset/data/GCF_043524285.1/GCF_043524285.1_ASM4352428v1_genomic.fna	FASTA	DNA	1	3587908	3587908	3587908.0	3587908	1793954.0	3587908.0	1793954.0	0	3587908	0.00	0.00	52.23
../ncbi_dataset/data/GCF_050467545.1/GCF_050467545.1_ASM5046754v1_genomic.fna	FASTA	DNA	197	3354036	214	17025.6	159513	1338.0	5749.0	21775.0	0	47487	0.00	0.00	52.11
../ncbi_dataset/data/GCF_051107655.1/GCF_051107655.1_ASM5110765v1_genomic.fna	FASTA	DNA	251	3131439	233	12475.9	151179	1558.0	5902.0	14535.0	0	27581	0.00	0.00	52.19
../ncbi_dataset/data/GCF_051107695.1/GCF_051107695.1_ASM5110769v1_genomic.fna	FASTA	DNA	165	3406282	221	20644.1	177383	1722.0	9856.0	24460.0	0	49041	0.00	0.00	52.28
../ncbi_dataset/data/GCF_059611665.1/GCF_059611665.1_ASM5961166v1_genomic.fna	FASTA	DNA	2	3483007	56688	1741503.5	3426319	56688.0	1741503.5	3426319.0	0	3426319	0.00	0.00	52.43
